1000 4999 50
1 2 46
2 3 97
3 4 553
4 5 849
5 6 594
6 7 297
7 8 706
8 9 109
9 10 27
10 11 341
11 12 297
12 13 71
13 14 593
14 15 385
15 16 766
16 17 813
17 18 813
18 19 899
19 20 14
20 21 136
21 22 71
22 23 821
23 24 981
24 25 781
25 26 8
26 27 655
27 28 306
28 29 273
29 30 417
30 31 590
31 32 445
32 33 392
33 34 693
34 35 221
35 36 453
36 37 461
37 38 276
38 39 725
39 40 221
40 41 691
41 42 545
42 43 269
43 44 387
44 45 615
45 46 435
46 47 683
47 48 385
48 49 378
49 50 13
50 51 223
51 52 961
52 53 624
53 54 65
54 55 551
55 56 757
56 57 300
57 58 473
58 59 629
59 60 785
60 61 611
61 62 662
62 63 3
63 64 193
64 65 199
65 66 45
66 67 121
67 68 500
68 69 110
69 70 621
70 71 170
71 72 517
72 73 961
73 74 681
74 75 509
75 76 149
76 77 985
77 78 615
78 79 77
79 80 351
80 81 809
81 82 641
82 83 621
83 84 113
84 85 545
85 86 745
86 87 303
87 88 601
88 89 301
89 90 671
90 91 791
91 92 885
92 93 389
93 94 370
94 95 110
95 96 901
96 97 313
97 98 481
98 99 691
99 100 741
100 101 225
101 102 843
102 103 597
103 104 380
104 105 377
105 106 413
106 107 266
107 108 553
108 109 441
109 110 440
110 111 776
111 112 584
112 113 501
113 114 580
114 115 929
115 116 778
116 117 349
117 118 385
118 119 13
119 120 991
120 121 688
121 122 631
122 123 255
123 124 107
124 125 716
125 126 787
126 127 731
127 128 845
128 129 861
129 130 61
130 131 953
131 132 166
132 133 176
133 134 399
134 135 581
135 136 600
136 137 665
137 138 31
138 139 101
139 140 446
140 141 255
141 142 636
142 143 904
143 144 907
144 145 791
145 146 337
146 147 101
147 148 31
148 149 373
149 150 341
150 151 723
151 152 473
152 153 616
153 154 693
154 155 141
155 156 340
156 157 524
157 158 481
158 159 101
159 160 286
160 161 861
161 162 50
162 163 621
163 164 111
164 165 913
165 166 95
166 167 705
167 168 961
168 169 226
169 170 651
170 171 205
171 172 784
172 173 269
173 174 738
174 175 989
175 176 689
176 177 389
177 178 433
178 179 139
179 180 281
180 181 960
181 182 37
182 183 243
183 184 815
184 185 261
185 186 310
186 187 656
187 188 560
188 189 567
189 190 355
190 191 361
191 192 72
192 193 73
193 194 401
194 195 639
195 196 256
196 197 433
197 198 587
198 199 141
199 200 977
200 201 277
201 202 90
202 203 668
203 204 250
204 205 536
205 206 349
206 207 955
207 208 850
208 209 649
209 210 975
210 211 261
211 212 74
212 213 683
213 214 29
214 215 209
215 216 371
216 217 377
217 218 25
218 219 595
219 220 431
220 221 281
221 222 946
222 223 141
223 224 753
224 225 817
225 226 805
226 227 616
227 228 321
228 229 689
229 230 766
230 231 469
231 232 797
232 233 188
233 234 833
234 235 223
235 236 286
236 237 201
237 238 617
238 239 98
239 240 804
240 241 101
241 242 617
242 243 292
243 244 283
244 245 32
245 246 189
246 247 886
247 248 985
248 249 537
249 250 391
250 251 19
251 252 719
252 253 877
253 254 945
254 255 240
255 256 619
256 257 262
257 258 131
258 259 19
259 260 927
260 261 593
261 262 161
262 263 821
263 264 417
264 265 88
265 266 774
266 267 363
267 268 177
268 269 894
269 270 33
270 271 845
271 272 337
272 273 77
273 274 881
274 275 1
275 276 181
276 277 193
277 278 425
278 279 336
279 280 309
280 281 509
281 282 81
282 283 977
283 284 539
284 285 553
285 286 964
286 287 185
287 288 472
288 289 551
289 290 885
290 291 611
291 292 492
292 293 59
293 294 201
294 295 27
295 296 181
296 297 241
297 298 695
298 299 885
299 300 441
300 301 927
301 302 277
302 303 992
303 304 165
304 305 827
305 306 365
306 307 311
307 308 177
308 309 3
309 310 731
310 311 271
311 312 678
312 313 125
313 314 841
314 315 261
315 316 1
316 317 65
317 318 321
318 319 101
319 320 17
320 321 201
321 322 305
322 323 205
323 324 286
324 325 259
325 326 857
326 327 678
327 328 401
328 329 443
329 330 245
330 331 701
331 332 51
332 333 288
333 334 125
334 335 241
335 336 593
336 337 341
337 338 414
338 339 445
339 340 185
340 341 137
341 342 291
342 343 50
343 344 857
344 345 584
345 346 741
346 347 54
347 348 581
348 349 627
349 350 929
350 351 888
351 352 253
352 353 925
353 354 803
354 355 913
355 356 760
356 357 152
357 358 237
358 359 508
359 360 471
360 361 341
361 362 393
362 363 961
363 364 70
364 365 188
365 366 877
366 367 584
367 368 726
368 369 673
369 370 711
370 371 985
371 372 889
372 373 238
373 374 317
374 375 721
375 376 251
376 377 895
377 378 412
378 379 482
379 380 23
380 381 127
381 382 939
382 383 243
383 384 156
384 385 333
385 386 605
386 387 767
387 388 233
388 389 468
389 390 693
390 391 363
391 392 257
392 393 496
393 394 631
394 395 589
395 396 481
396 397 327
397 398 564
398 399 56
399 400 639
400 401 972
401 402 281
402 403 861
403 404 225
404 405 617
405 406 745
406 407 673
407 408 601
408 409 385
409 410 561
410 411 331
411 412 957
412 413 325
413 414 195
414 415 887
415 416 337
416 417 346
417 418 535
418 419 985
419 420 288
420 421 109
421 422 436
422 423 557
423 424 700
424 425 71
425 426 33
426 427 449
427 428 310
428 429 7
429 430 281
430 431 159
431 432 352
432 433 89
433 434 559
434 435 441
435 436 490
436 437 189
437 438 581
438 439 4
439 440 825
440 441 305
441 442 111
442 443 31
443 444 903
444 445 878
445 446 111
446 447 823
447 448 85
448 449 415
449 450 347
450 451 585
451 452 633
452 453 924
453 454 529
454 455 19
455 456 41
456 457 731
457 458 409
458 459 357
459 460 956
460 461 789
461 462 865
462 463 139
463 464 713
464 465 910
465 466 428
466 467 276
467 468 411
468 469 249
469 470 221
470 471 171
471 472 189
472 473 145
473 474 403
474 475 351
475 476 324
476 477 465
477 478 43
478 479 795
479 480 844
480 481 697
481 482 17
482 483 552
483 484 745
484 485 130
485 486 61
486 487 833
487 488 925
488 489 217
489 490 738
490 491 927
491 492 470
492 493 853
493 494 181
494 495 929
495 496 982
496 497 309
497 498 426
498 499 147
499 500 591
500 501 38
501 502 583
502 503 823
503 504 93
504 505 921
505 506 49
506 507 404
507 508 81
508 509 949
509 510 349
510 511 691
511 512 813
512 513 401
513 514 347
514 515 495
515 516 772
516 517 103
517 518 73
518 519 713
519 520 984
520 521 885
521 522 981
522 523 425
523 524 195
524 525 321
525 526 899
526 527 806
527 528 36
528 529 851
529 530 475
530 531 841
531 532 735
532 533 989
533 534 965
534 535 847
535 536 504
536 537 61
537 538 951
538 539 5
539 540 475
540 541 961
541 542 349
542 543 149
543 544 750
544 545 126
545 546 983
546 547 683
547 548 347
548 549 463
549 550 441
550 551 10
551 552 569
552 553 886
553 554 201
554 555 851
555 556 291
556 557 509
557 558 386
558 559 371
559 560 471
560 561 125
561 562 161
562 563 537
563 564 431
564 565 866
565 566 601
566 567 789
567 568 425
568 569 330
569 570 608
570 571 497
571 572 18
572 573 900
573 574 210
574 575 527
575 576 827
576 577 449
577 578 538
578 579 213
579 580 781
580 581 751
581 582 709
582 583 891
583 584 445
584 585 737
585 586 857
586 587 667
587 588 905
588 589 561
589 590 146
590 591 631
591 592 985
592 593 309
593 594 390
594 595 655
595 596 777
596 597 451
597 598 11
598 599 801
599 600 319
600 601 432
601 602 851
602 603 901
603 604 884
604 605 825
605 606 305
606 607 420
607 608 821
608 609 171
609 610 16
610 611 64
611 612 991
612 613 209
613 614 581
614 615 565
615 616 11
616 617 436
617 618 643
618 619 696
619 620 526
620 621 585
621 622 841
622 623 553
623 624 661
624 625 388
625 626 561
626 627 570
627 628 721
628 629 211
629 630 433
630 631 182
631 632 539
632 633 355
633 634 915
634 635 921
635 636 387
636 637 109
637 638 213
638 639 460
639 640 181
640 641 893
641 642 233
642 643 377
643 644 386
644 645 521
645 646 611
646 647 861
647 648 214
648 649 690
649 650 623
650 651 641
651 652 35
652 653 746
653 654 963
654 655 645
655 656 897
656 657 323
657 658 801
658 659 580
659 660 992
660 661 261
661 662 51
662 663 81
663 664 541
664 665 513
665 666 889
666 667 145
667 668 271
668 669 87
669 670 884
670 671 465
671 672 426
672 673 133
673 674 441
674 675 57
675 676 79
676 677 61
677 678 868
678 679 512
679 680 923
680 681 753
681 682 789
682 683 89
683 684 226
684 685 641
685 686 988
686 687 541
687 688 226
688 689 167
689 690 871
690 691 13
691 692 501
692 693 533
693 694 605
694 695 651
695 696 999
696 697 441
697 698 747
698 699 537
699 700 226
700 701 729
701 702 201
702 703 41
703 704 961
704 705 101
705 706 873
706 707 799
707 708 206
708 709 586
709 710 513
710 711 11
711 712 616
712 713 79
713 714 326
714 715 985
715 716 173
716 717 61
717 718 955
718 719 790
719 720 465
720 721 866
721 722 793
722 723 936
723 724 727
724 725 889
725 726 549
726 727 721
727 728 493
728 729 485
729 730 651
730 731 427
731 732 851
732 733 681
733 734 237
734 735 361
735 736 798
736 737 618
737 738 81
738 739 438
739 740 201
740 741 265
741 742 921
742 743 545
743 744 705
744 745 252
745 746 761
746 747 454
747 748 580
748 749 679
749 750 875
750 751 530
751 752 204
752 753 277
753 754 915
754 755 38
755 756 855
756 757 713
757 758 721
758 759 269
759 760 855
760 761 67
761 762 681
762 763 985
763 764 405
764 765 141
765 766 191
766 767 611
767 768 257
768 769 685
769 770 229
770 771 569
771 772 213
772 773 761
773 774 733
774 775 49
775 776 723
776 777 237
777 778 125
778 779 929
779 780 145
780 781 280
781 782 914
782 783 33
783 784 125
784 785 901
785 786 745
786 787 209
787 788 496
788 789 328
789 790 233
790 791 109
791 792 380
792 793 856
793 794 907
794 795 296
795 796 749
796 797 537
797 798 908
798 799 739
799 800 667
800 801 101
801 802 873
802 803 101
803 804 683
804 805 20
805 806 457
806 807 641
807 808 825
808 809 639
809 810 420
810 811 681
811 812 863
812 813 553
813 814 586
814 815 441
815 816 613
816 817 572
817 818 553
818 819 3
819 820 391
820 821 352
821 822 515
822 823 457
823 824 15
824 825 17
825 826 971
826 827 602
827 828 151
828 829 368
829 830 785
830 831 547
831 832 989
832 833 653
833 834 749
834 835 5
835 836 801
836 837 745
837 838 827
838 839 613
839 840 643
840 841 41
841 842 297
842 843 17
843 844 908
844 845 593
845 846 647
846 847 762
847 848 407
848 849 900
849 850 383
850 851 472
851 852 777
852 853 361
853 854 11
854 855 249
855 856 257
856 857 69
857 858 989
858 859 291
859 860 437
860 861 103
861 862 533
862 863 832
863 864 995
864 865 207
865 866 485
866 867 575
867 868 377
868 869 478
869 870 787
870 871 313
871 872 422
872 873 71
873 874 196
874 875 753
875 876 521
876 877 761
877 878 31
878 879 954
879 880 982
880 881 369
881 882 956
882 883 428
883 884 867
884 885 165
885 886 965
886 887 285
887 888 480
888 889 457
889 890 53
890 891 543
891 892 864
892 893 231
893 894 642
894 895 266
895 896 824
896 897 169
897 898 788
898 899 745
899 900 421
900 901 441
901 902 353
902 903 17
903 904 477
904 905 147
905 906 893
906 907 69
907 908 721
908 909 303
909 910 65
910 911 899
911 912 347
912 913 881
913 914 13
914 915 351
915 916 715
916 917 393
917 918 92
918 919 764
919 920 610
920 921 844
921 922 201
922 923 241
923 924 949
924 925 395
925 926 783
926 927 436
927 928 734
928 929 21
929 930 713
930 931 707
931 932 769
932 933 937
933 934 62
934 935 282
935 936 373
936 937 271
937 938 459
938 939 87
939 940 817
940 941 725
941 942 216
942 943 6
943 944 97
944 945 251
945 946 579
946 947 229
947 948 865
948 949 991
949 950 46
950 951 849
951 952 321
952 953 665
953 954 73
954 955 241
955 956 41
956 957 605
957 958 341
958 959 713
959 960 969
960 961 69
961 962 385
962 963 477
963 964 14
964 965 161
965 966 961
966 967 392
967 968 267
968 969 920
969 970 538
970 971 785
971 972 391
972 973 538
973 974 81
974 975 801
975 976 331
976 977 501
977 978 387
978 979 711
979 980 286
980 981 117
981 982 749
982 983 357
983 984 369
984 985 873
985 986 641
986 987 6
987 988 969
988 989 813
989 990 713
990 991 416
991 992 5
992 993 220
993 994 843
994 995 777
995 996 957
996 997 657
997 998 249
998 999 885
999 1000 137
167 915 21
381 970 518
334 729 879
269 956 714
533 846 851
292 797 389
278 920 709
388 860 361
138 236 637
251 904 845
599 725 407
256 866 317
218 304 687
445 648 55
261 992 671
196 689 40
656 746 164
251 609 117
167 671 889
327 542 311
179 299 295
420 577 271
464 838 977
724 800 97
786 962 51
445 646 513
621 746 262
916 984 37
298 893 91
122 674 501
133 887 514
167 508 801
294 422 801
661 792 221
131 941 881
346 867 102
103 832 216
445 873 801
238 318 709
153 572 889
519 586 593
675 891 489
515 539 733
617 736 865
570 577 389
799 833 15
254 763 553
885 926 86
449 984 911
213 225 297
203 293 994
418 640 554
166 597 422
458 586 377
739 952 731
203 964 152
206 427 925
478 525 781
179 473 656
226 471 179
743 769 845
252 424 513
535 980 885
133 874 219
423 477 881
252 450 789
258 586 13
150 786 389
270 542 305
302 591 301
102 318 741
222 344 271
214 399 519
507 950 905
686 860 945
620 814 660
551 669 217
236 983 142
522 750 555
172 420 734
683 856 169
541 975 601
402 837 375
499 759 721
382 643 750
816 912 455
253 814 721
535 809 134
425 883 119
180 227 642
485 867 337
325 951 189
225 394 461
140 963 651
174 181 107
243 885 269
439 842 443
436 745 849
207 898 785
643 711 393
252 303 606
237 747 407
224 610 704
201 578 623
418 454 353
209 640 1
204 629 5
262 928 725
811 862 907
110 296 669
509 733 713
801 951 891
332 845 395
353 544 69
491 560 169
440 950 430
145 621 541
103 251 535
488 671 561
186 934 313
381 510 93
390 956 331
232 547 793
151 198 417
272 967 446
455 660 874
178 891 401
592 908 201
842 964 253
495 966 926
321 758 597
416 916 691
510 660 787
554 871 95
916 938 73
665 716 690
360 632 81
104 880 161
338 719 553
769 842 217
296 791 803
398 421 499
183 253 387
283 590 649
814 974 235
148 700 879
114 131 104
149 590 729
601 875 559
191 387 673
678 689 336
204 270 155
259 568 527
107 636 857
291 386 475
154 655 940
665 807 1
597 683 440
338 649 181
265 482 987
373 388 177
190 865 782
562 895 51
547 576 69
835 865 306
455 462 176
269 923 3
110 439 886
137 167 881
258 559 399
670 977 102
498 729 753
300 550 257
565 763 377
111 215 573
591 897 329
112 196 241
661 936 193
461 982 162
916 968 301
239 880 659
324 864 55
309 348 244
236 686 835
251 606 433
346 617 869
207 235 991
607 901 61
219 317 61
249 856 670
652 940 993
106 340 961
423 430 933
467 852 783
559 608 579
219 767 401
519 976 793
491 554 761
119 246 958
614 899 105
722 814 985
330 824 513
142 686 905
366 712 953
675 740 461
784 916 369
169 355 780
532 615 607
520 570 481
622 724 746
418 956 76
372 532 741
420 788 202
444 732 992
568 825 526
269 854 144
139 182 31
657 918 918
206 675 253
276 808 901
573 713 233
247 474 225
844 895 29
160 881 823
942 967 470
611 848 208
382 625 295
535 960 789
392 916 939
153 623 555
847 960 281
306 847 657
139 734 561
260 774 853
375 973 722
385 823 486
846 871 393
392 530 9
612 657 87
288 892 53
502 865 881
423 696 631
729 919 33
673 783 31
710 969 601
118 761 341
458 900 582
249 806 989
616 663 9
540 888 108
204 312 906
187 935 785
424 945 445
137 772 1
806 974 151
223 936 633
173 908 91
116 562 696
459 729 501
366 426 27
325 756 61
747 946 785
115 659 654
474 660 515
186 561 142
591 774 119
139 870 233
432 630 910
475 704 387
175 212 685
738 985 621
138 515 791
231 826 771
527 850 816
126 942 265
788 898 866
708 770 21
305 691 624
866 874 975
787 818 997
409 898 251
244 882 368
580 951 841
507 831 236
701 806 81
618 673 925
141 895 907
100 153 573
179 881 701
810 917 17
240 554 1
440 516 81
136 563 756
508 614 179
347 505 541
655 878 761
304 436 283
653 729 874
310 389 709
628 810 185
187 550 521
881 965 15
614 987 585
812 847 763
239 365 481
119 530 485
310 496 396
288 984 20
622 791 753
344 577 343
763 786 597
182 841 661
445 856 289
698 964 426
524 736 357
416 691 357
570 814 949
308 503 257
505 624 765
512 735 709
481 868 577
153 609 781
916 958 956
593 869 92
496 760 957
655 933 869
134 290 962
420 827 261
397 716 27
289 995 665
615 964 714
793 864 58
708 945 59
437 507 205
424 842 985
210 219 801
219 397 413
838 957 19
186 615 35
437 650 337
608 761 259
474 516 622
266 513 305
109 846 81
613 979 585
225 740 369
536 714 328
430 546 721
496 797 661
205 520 976
195 280 101
425 525 838
164 976 231
207 950 136
120 199 181
501 753 945
211 367 526
118 400 476
465 512 705
696 742 405
615 681 613
440 542 726
321 998 266
663 914 457
119 337 246
842 926 63
687 984 426
354 787 809
131 243 193
831 839 413
148 441 781
249 673 341
775 785 921
355 496 408
394 814 701
159 322 791
739 959 973
152 717 1
814 904 10
102 354 283
256 886 236
958 969 684
208 322 706
233 256 558
336 827 539
760 801 760
902 926 463
206 569 611
575 976 797
413 668 401
408 845 490
437 753 871
128 810 185
405 580 615
325 979 318
806 976 351
294 387 161
332 621 65
207 466 731
929 987 331
126 205 435
259 316 409
525 584 61
721 981 951
729 779 896
302 985 389
124 694 842
577 900 541
222 261 498
302 627 976
806 992 423
693 747 324
260 643 312
372 683 788
471 560 833
771 844 583
189 308 1
128 349 511
181 663 371
252 436 113
772 915 897
429 829 825
431 695 569
254 596 976
519 549 269
175 379 721
343 603 503
522 582 324
673 988 381
252 607 821
592 984 160
440 531 329
112 533 6
213 496 287
409 795 960
120 701 601
620 900 596
558 774 497
670 755 610
143 997 685
119 396 51
696 891 303
694 998 33
514 678 13
623 933 675
782 939 853
654 740 381
475 940 220
178 219 5
100 199 267
205 342 605
433 921 311
738 995 689
107 581 797
112 372 721
237 913 489
102 744 927
227 726 716
408 610 858
195 848 137
885 979 580
756 864 482
809 844 111
321 966 853
702 952 444
304 350 509
260 604 804
647 900 741
542 904 87
462 474 737
351 981 219
227 923 891
204 317 489
481 697 825
758 954 333
462 681 737
258 600 685
312 482 603
797 919 286
459 653 169
303 426 581
383 498 693
509 520 649
316 451 301
612 955 553
122 955 169
102 374 969
430 924 51
291 876 175
104 480 633
237 957 137
775 797 529
182 404 932
492 548 461
407 748 101
635 972 987
243 860 963
467 928 49
766 895 657
703 755 581
168 257 241
648 984 449
635 649 221
218 820 761
333 647 948
224 572 849
230 531 581
735 935 241
710 882 201
692 915 721
137 438 41
824 934 121
644 657 297
198 508 310
177 814 813
448 962 617
134 527 138
424 886 131
825 935 331
103 603 226
411 929 901
614 685 544
364 857 642
719 1000 357
165 836 873
174 506 573
293 455 153
280 745 411
323 803 267
283 916 969
278 459 694
514 661 749
579 644 758
722 761 312
246 990 169
356 489 629
459 600 801
285 709 557
443 746 11
388 663 641
269 944 235
658 815 441
710 864 310
678 967 169
104 336 449
564 638 566
583 760 636
225 243 346
181 350 17
274 980 321
227 702 829
545 574 920
310 819 370
353 694 469
133 994 1
305 713 585
644 872 642
311 899 378
579 787 673
422 505 71
591 613 1
710 816 229
909 994 726
367 458 345
560 768 627
471 911 905
892 960 737
821 845 510
851 954 425
204 280 111
762 781 210
132 724 859
414 521 825
159 964 783
390 891 171
449 938 755
682 846 451
311 908 319
417 768 293
486 777 451
371 767 579
192 857 581
650 872 613
141 922 448
414 471 633
490 990 141
411 743 113
287 636 970
200 340 672
507 819 880
633 729 389
287 959 705
276 293 439
271 365 433
270 406 86
779 902 573
689 745 473
414 951 857
595 772 502
206 643 931
201 384 441
124 986 396
218 531 709
530 556 666
198 443 593
296 789 660
850 977 826
322 851 483
649 823 459
438 678 821
817 986 365
327 491 407
220 884 998
204 732 193
151 309 757
625 639 511
221 294 227
195 417 121
115 728 81
421 878 447
564 721 135
926 932 389
271 529 151
112 695 225
171 304 979
499 520 991
293 458 219
613 854 325
455 923 281
595 791 837
842 865 561
327 566 366
524 746 882
337 360 654
818 998 111
272 520 209
100 603 571
517 553 593
142 828 921
532 659 777
282 708 629
365 471 775
616 906 982
287 823 881
629 996 276
882 961 385
374 789 10
409 856 379
267 812 258
634 664 201
616 822 501
134 829 322
887 902 926
104 736 1
152 603 939
452 622 229
183 406 219
258 644 410
580 680 903
359 556 440
177 657 383
344 959 787
735 937 26
303 333 821
745 999 437
474 679 129
444 670 629
203 363 445
152 303 949
134 503 1
129 265 833
445 778 425
740 796 137
358 718 273
225 675 201
566 781 521
227 823 461
224 426 31
531 890 209
451 645 855
249 672 852
202 737 272
216 539 449
438 753 381
528 695 465
277 886 109
270 814 159
839 954 279
191 705 921
148 803 437
170 813 545
780 871 228
252 507 637
657 868 281
486 832 896
460 478 598
776 927 298
391 731 982
415 513 391
328 544 289
212 360 93
336 435 376
123 391 395
134 960 465
675 769 351
206 243 105
665 838 821
575 916 897
211 811 381
212 564 41
366 441 485
702 731 821
529 767 801
550 568 170
254 934 965
499 728 601
864 958 921
411 517 361
136 636 901
247 406 856
165 325 911
176 253 135
574 938 433
294 859 141
344 772 662
701 766 833
111 151 395
803 929 724
112 633 424
293 724 481
191 768 857
802 974 8
117 936 775
239 881 254
336 654 241
109 118 673
738 827 767
712 778 149
190 858 9
450 660 749
404 708 281
296 501 757
465 888 157
369 553 41
360 463 909
380 569 221
324 870 829
875 925 987
739 936 956
573 640 746
593 950 721
394 455 693
371 585 654
250 679 742
650 702 533
341 552 874
270 591 797
151 286 753
434 510 796
202 342 803
597 781 873
490 862 801
227 304 745
702 757 581
865 969 243
129 241 966
118 369 143
199 279 517
434 659 299
351 787 613
450 616 973
409 704 853
554 614 406
247 475 365
525 953 553
851 887 665
485 692 513
283 479 58
213 984 281
100 967 974
117 890 506
259 440 609
593 626 95
712 885 751
279 909 405
481 579 965
501 697 264
577 668 296
387 794 917
512 966 935
314 605 751
218 464 1
474 836 850
629 764 97
731 763 549
807 888 169
581 889 51
133 895 853
850 879 806
622 967 10
306 648 627
173 412 701
178 563 943
392 546 329
827 906 481
462 635 591
202 551 946
357 932 57
496 735 754
289 338 361
458 697 489
349 475 557
414 877 685
562 972 801
355 904 210
671 950 325
435 640 259
225 849 502
221 518 55
275 402 901
246 416 349
426 924 185
153 554 601
409 907 981
419 909 601
296 408 14
174 667 801
590 842 426
787 889 706
845 984 49
257 765 491
218 251 676
163 667 120
270 512 93
268 677 711
267 422 623
173 212 137
581 668 235
389 879 283
513 933 989
839 939 641
488 789 671
360 787 269
744 785 834
170 867 353
464 823 252
467 486 197
661 933 618
260 857 849
104 762 531
711 832 377
260 978 475
439 501 283
199 439 657
483 537 25
320 954 833
402 853 267
475 894 331
274 530 57
383 925 890
109 260 556
475 565 295
576 998 907
746 763 441
179 608 97
615 673 135
576 712 379
354 785 826
532 971 601
502 506 461
392 489 253
192 764 241
337 653 209
328 610 655
937 980 41
529 892 888
332 403 21
717 874 629
610 627 939
144 184 677
492 852 65
814 966 370
129 143 281
236 707 962
676 883 321
269 704 8
116 665 299
150 343 458
666 851 21
777 821 890
355 985 711
546 699 932
313 887 561
407 845 360
752 794 455
220 420 399
328 791 658
364 888 885
626 897 513
109 628 277
237 299 988
498 996 608
528 623 865
355 600 65
619 729 233
614 880 102
798 932 470
887 924 101
109 789 469
120 676 989
569 749 161
435 567 359
107 420 609
302 378 977
102 555 293
201 577 225
322 577 739
361 500 149
347 635 517
459 809 739
548 678 509
248 848 657
371 404 790
103 855 277
207 813 260
585 905 576
619 963 679
363 449 836
152 297 805
587 687 541
725 918 872
658 660 665
534 914 739
133 899 813
107 481 487
631 810 701
172 525 201
678 932 993
690 934 673
153 221 616
100 658 971
220 384 210
100 977 253
472 733 661
184 473 394
665 701 393
206 221 673
212 544 95
251 348 701
436 921 273
366 533 852
352 354 675
530 861 797
191 675 981
583 916 600
175 814 145
124 614 347
214 713 860
243 264 153
561 975 796
375 695 998
348 523 1
490 619 525
630 973 841
763 961 679
714 992 513
493 596 533
190 968 945
410 954 970
147 950 660
357 534 305
100 628 785
110 715 965
203 454 987
745 821 394
162 301 537
170 219 387
364 456 352
584 661 943
388 678 106
146 387 859
319 597 777
154 994 679
772 973 433
449 997 425
321 615 773
408 481 565
249 539 337
658 864 207
496 980 426
350 615 861
329 638 561
236 702 341
554 674 371
157 850 235
314 552 365
394 508 231
476 899 291
287 689 371
630 683 218
299 358 386
493 959 646
552 962 865
479 594 921
301 553 751
218 929 771
121 406 6
139 969 125
611 928 705
392 933 835
299 902 937
288 850 823
514 543 989
291 385 178
439 542 578
905 992 521
390 619 272
253 828 404
625 715 1
161 453 871
358 992 286
389 746 551
950 989 927
670 848 845
871 988 379
251 893 196
159 912 755
134 895 641
413 925 387
473 478 827
274 471 173
515 600 625
163 610 681
901 981 581
297 913 268
699 772 791
440 512 471
812 830 837
335 796 829
253 711 855
204 557 524
372 806 657
127 693 307
152 561 173
493 703 687
540 595 985
370 594 401
358 899 860
180 491 985
177 576 135
591 984 727
611 823 333
655 987 436
488 815 461
355 846 738
407 418 967
201 498 781
433 585 310
168 334 442
163 547 122
253 577 665
229 419 390
573 778 999
488 818 982
141 902 613
372 374 1
712 725 356
298 792 487
785 947 216
536 627 835
159 776 393
364 394 411
390 988 41
222 559 807
321 989 75
763 862 946
445 843 297
676 766 239
180 576 561
557 692 123
641 712 721
388 895 715
157 878 80
673 708 812
291 847 426
107 449 456
295 514 305
290 810 207
697 766 469
142 264 133
172 467 911
457 724 865
561 997 321
464 863 499
292 563 633
524 876 461
286 550 361
276 718 971
560 846 623
197 807 709
419 650 981
321 762 653
167 298 781
758 760 577
157 775 117
355 530 328
790 885 832
114 851 897
396 816 529
279 682 825
359 890 481
565 823 591
494 831 785
262 882 226
402 634 393
399 564 15
376 528 737
454 784 496
324 716 874
348 517 471
394 894 541
236 378 899
767 885 719
202 230 565
867 951 336
523 571 248
362 536 301
865 876 445
483 916 241
473 767 145
438 860 398
618 655 921
685 927 82
607 837 571
302 320 151
672 972 627
316 496 983
474 631 129
451 911 752
322 382 66
239 963 670
243 962 617
558 837 913
852 907 945
102 579 911
471 959 804
615 697 416
595 657 825
119 434 371
306 850 711
243 863 157
251 487 926
153 241 256
361 371 594
604 952 489
170 329 763
373 474 11
156 729 817
338 706 68
379 844 81
423 712 140
237 754 889
832 971 725
594 786 611
341 498 745
172 491 721
234 479 31
858 891 741
731 899 585
796 842 553
593 905 57
691 929 577
159 601 993
283 648 753
387 749 37
713 972 753
797 971 363
106 296 716
272 828 321
262 753 761
611 989 681
487 843 620
733 811 11
162 464 278
188 981 673
166 463 305
362 905 279
618 958 1
126 180 178
927 960 946
576 736 209
635 782 841
439 653 33
194 430 29
695 698 135
620 889 405
236 815 633
508 933 221
270 744 881
576 691 349
163 451 968
284 851 637
395 651 165
142 719 476
603 770 457
397 814 227
898 931 455
584 781 789
511 875 493
186 911 761
125 484 51
116 966 389
435 975 251
603 870 85
294 542 783
218 933 89
388 867 576
193 833 514
360 874 21
240 983 984
281 502 443
345 401 289
114 506 269
201 775 897
593 736 393
126 345 869
470 793 317
261 420 721
722 943 801
184 845 828
800 914 891
100 342 75
364 932 451
157 541 485
502 518 665
182 973 581
842 940 941
407 923 670
313 500 569
320 389 784
462 508 350
178 342 569
400 700 136
724 819 541
157 720 143
225 230 75
321 577 712
282 433 485
158 280 225
299 400 71
151 640 233
379 532 373
842 967 961
277 377 665
147 405 72
425 583 177
548 882 421
263 954 201
794 886 211
429 763 653
532 679 809
559 683 741
182 717 751
513 977 97
390 572 1
125 312 383
291 878 71
311 951 248
532 668 145
130 202 751
353 630 235
100 257 321
500 711 176
208 901 503
147 406 589
116 735 1
253 764 401
312 382 639
523 952 385
254 699 428
368 506 386
214 432 849
272 311 784
236 803 113
352 763 670
362 871 116
457 582 889
339 678 57
580 696 401
482 665 257
507 739 821
597 849 101
336 519 561
211 234 816
380 939 241
188 333 385
532 769 507
224 712 261
648 892 501
593 778 491
126 811 547
153 304 687
289 729 393
703 992 33
368 398 716
921 927 486
164 777 425
617 722 361
476 891 396
305 789 341
191 887 831
569 588 105
192 427 102
287 789 839
335 629 893
686 708 951
437 577 851
113 436 868
564 711 281
490 970 143
624 824 61
538 763 435
542 971 262
414 605 176
534 933 391
842 948 199
269 756 393
311 593 226
104 520 41
764 917 486
695 877 93
314 832 376
135 182 703
146 430 761
635 644 821
397 679 227
373 938 412
635 909 451
462 777 676
144 701 551
846 895 623
370 479 921
559 868 475
151 797 621
194 224 1
652 730 175
132 797 113
246 687 865
463 581 696
748 916 98
104 730 336
224 967 837
525 835 243
104 183 31
487 757 937
771 805 905
258 312 358
560 828 391
248 937 171
836 950 476
803 899 870
623 880 305
539 640 501
179 337 661
678 954 779
482 589 336
474 862 441
761 829 211
227 466 461
199 458 733
167 266 917
402 485 937
775 930 553
148 861 141
546 831 375
278 953 891
297 487 43
293 717 51
182 596 193
443 950 210
332 739 96
194 287 817
259 274 463
201 274 281
487 533 285
118 678 247
524 770 584
793 964 241
134 955 281
255 346 377
185 472 361
191 718 73
444 882 81
654 848 577
237 531 761
603 638 425
514 607 51
302 358 9
702 871 993
510 703 781
362 921 993
317 632 51
446 963 227
317 804 785
278 379 729
286 721 634
242 354 353
419 704 226
296 411 471
135 712 218
327 708 876
120 956 646
472 954 983
256 338 301
164 713 525
189 601 290
152 287 789
415 584 701
636 738 201
106 813 665
111 367 309
354 440 226
623 652 843
267 601 177
910 974 981
308 902 881
241 430 297
696 725 529
551 915 853
485 902 394
403 918 780
727 851 433
221 265 385
256 704 277
371 969 321
148 563 225
136 914 891
238 591 557
455 997 107
690 717 679
136 257 306
282 732 441
300 820 634
323 553 305
312 960 985
447 633 75
546 644 967
194 925 136
109 975 89
465 994 525
575 921 437
538 720 273
256 818 739
295 834 751
202 705 61
594 880 801
790 937 326
280 643 953
580 841 166
296 656 935
243 986 866
295 957 547
293 947 167
230 965 951
259 622 771
521 951 361
174 944 393
488 561 686
784 791 101
588 882 590
399 488 921
952 972 191
223 901 369
169 743 166
315 399 77
384 462 25
950 971 525
376 715 953
322 814 882
113 445 341
545 686 856
215 546 531
167 969 721
455 582 726
897 973 789
698 849 287
669 876 561
100 897 671
324 326 741
574 858 989
123 718 705
659 810 772
597 622 377
567 958 713
609 701 361
555 565 921
203 422 101
230 607 281
387 865 785
337 951 764
655 684 51
255 752 551
652 984 395
482 993 739
819 890 602
365 947 211
103 593 573
166 731 273
117 523 910
200 644 737
341 821 551
138 292 741
443 617 358
250 520 251
168 438 351
689 769 228
643 741 459
884 916 906
589 822 737
104 827 512
321 717 835
219 525 689
390 493 194
439 965 857
466 749 428
272 458 971
226 846 511
381 385 947
382 622 161
124 426 123
591 875 96
516 681 855
292 802 951
441 549 297
103 583 67
934 946 233
101 120 321
597 664 239
896 957 797
387 471 105
276 321 11
519 805 471
221 803 250
108 160 621
206 960 339
499 534 321
471 690 451
387 826 215
333 928 227
369 691 159
211 240 468
153 387 181
399 895 398
154 464 980
341 745 361
626 635 735
525 971 896
259 946 45
454 970 801
378 991 753
745 877 519
232 785 730
314 634 114
176 593 228
722 789 175
267 270 831
333 558 375
645 712 881
365 989 137
447 924 861
149 421 349
104 855 421
241 272 730
685 762 218
502 534 860
518 628 475
224 896 993
208 854 665
402 826 81
394 426 453
367 917 777
424 434 936
362 670 261
369 566 225
357 429 738
379 434 419
577 713 157
351 401 425
454 811 101
241 275 790
323 616 722
188 744 920
388 470 81
775 841 601
611 815 352
197 660 961
582 656 393
333 372 547
882 916 441
330 715 545
165 277 831
622 899 952
238 694 930
481 751 294
185 701 337
481 911 63
640 784 992
376 943 249
132 685 204
495 979 111
483 933 148
284 815 297
134 983 615
604 803 431
155 393 241
146 696 251
558 876 557
141 221 676
189 642 418
490 932 873
285 425 47
563 806 801
138 150 801
362 923 856
260 706 351
670 720 41
184 717 937
214 229 447
135 692 281
175 577 219
220 582 761
315 763 433
780 980 86
191 694 387
453 974 921
423 473 170
357 438 363
119 507 549
511 692 177
406 878 38
221 752 413
663 789 601
450 873 766
842 901 873
132 421 301
277 871 288
275 802 593
817 931 959
750 795 221
559 951 612
117 963 515
304 361 957
510 654 295
117 426 794
570 897 761
306 975 727
177 904 804
377 971 793
739 801 552
377 789 829
170 608 853
719 789 897
238 384 151
171 712 181
153 832 342
345 666 916
146 517 242
406 948 456
168 740 15
525 908 621
658 863 515
449 894 771
317 997 873
524 906 668
304 670 115
708 773 757
148 723 397
346 454 229
496 686 951
610 662 641
291 779 599
205 415 830
439 590 938
443 618 477
186 952 409
115 191 729
192 310 563
167 806 811
535 876 481
596 878 281
673 745 463
202 228 565
296 733 33
625 653 305
413 946 545
635 715 761
230 967 233
841 943 789
952 962 377
326 917 625
249 549 117
580 659 661
198 623 961
535 728 120
347 669 631
141 791 401
892 937 851
169 881 287
153 939 899
273 484 737
399 484 805
732 988 320
711 776 159
197 637 505
397 774 676
261 581 297
153 749 901
595 739 209
390 968 369
514 726 961
606 739 153
418 808 95
566 680 51
950 982 93
692 766 107
128 852 301
845 915 837
124 914 877
307 933 523
233 666 924
265 267 989
106 164 961
156 761 177
117 577 421
317 987 139
634 948 681
848 851 46
517 961 889
207 342 686
421 879 251
373 469 771
321 334 787
254 420 977
256 793 739
804 973 454
327 704 352
181 933 377
526 899 614
452 819 590
185 882 697
161 845 349
706 759 973
117 686 909
369 425 802
220 774 293
178 699 303
602 993 449
491 892 77
423 976 161
116 356 877
267 406 761
366 514 531
117 914 95
560 656 935
459 541 607
179 242 781
200 325 265
546 675 635
494 562 172
604 894 421
317 401 529
876 944 536
149 646 641
155 930 263
298 747 941
400 936 148
147 551 452
925 948 752
502 899 295
207 854 440
217 889 582
360 605 141
533 722 111
293 826 53
219 638 957
541 759 923
559 969 845
420 718 109
627 638 608
779 986 273
100 587 313
522 729 412
516 541 179
170 677 486
235 771 593
350 997 481
457 750 521
539 765 173
218 925 834
609 764 915
208 435 721
301 693 331
199 548 36
194 840 656
192 267 177
696 903 561
710 867 198
267 407 223
738 813 463
284 538 396
265 495 624
635 880 479
544 587 913
407 865 860
815 966 991
266 869 951
578 684 632
401 903 171
627 917 334
361 409 833
286 993 423
172 882 344
623 733 323
547 953 585
633 890 466
158 193 587
321 377 455
100 779 226
167 462 225
735 790 101
472 903 201
451 475 321
637 657 852
255 480 721
109 453 17
536 538 721
206 872 395
524 859 206
100 442 265
121 443 681
289 332 801
508 776 761
316 700 76
502 550 388
297 929 971
659 989 452
155 571 939
115 753 809
172 296 331
282 361 889
380 693 766
268 810 189
230 599 343
607 819 620
664 740 946
267 857 420
767 952 524
173 825 129
626 652 371
726 935 660
408 672 751
430 746 924
819 880 573
205 561 380
595 650 761
177 684 651
423 564 25
105 305 286
251 866 781
299 457 638
186 401 364
331 506 161
465 836 665
191 817 626
506 735 29
489 699 447
314 913 477
754 939 617
529 746 92
539 979 535
105 945 969
457 733 257
134 364 127
612 852 377
655 688 721
600 783 608
514 551 288
374 867 977
206 533 185
501 659 43
739 817 449
851 950 461
240 316 856
183 256 633
583 961 338
350 776 881
453 949 244
706 708 259
342 804 57
165 856 101
139 251 281
454 712 360
547 808 17
109 544 761
647 797 476
334 666 727
238 643 119
643 664 893
548 959 676
452 673 484
113 478 927
285 620 641
184 974 996
108 899 321
240 499 111
513 645 371
687 914 555
427 742 148
836 982 136
276 942 225
236 624 217
172 992 864
307 773 230
207 915 777
682 865 893
170 907 589
238 718 820
133 740 109
197 229 771
195 705 813
340 678 611
150 919 289
626 790 282
208 898 831
351 412 467
464 808 203
748 972 834
868 931 1
611 617 309
352 409 63
125 984 339
227 321 561
790 816 351
234 470 865
717 980 159
471 544 17
379 668 871
457 722 613
587 931 297
288 799 681
580 765 161
122 739 654
502 568 601
334 508 429
205 678 66
350 777 713
867 928 301
626 630 593
425 432 71
144 333 375
864 949 809
327 430 449
256 559 21
243 330 726
666 884 623
171 334 53
376 661 241
249 315 686
399 911 871
673 958 211
381 893 769
418 593 311
732 973 888
654 820 317
268 943 589
701 749 773
230 735 1
328 527 581
231 268 821
185 248 841
209 821 261
297 983 353
631 947 246
111 870 167
832 917 521
100 638 603
463 951 804
209 574 521
427 810 551
438 496 336
277 683 460
338 953 73
885 954 937
644 957 953
127 389 583
809 861 202
439 657 653
637 729 859
681 804 601
296 343 271
117 302 561
542 778 271
494 775 977
804 829 993
289 573 718
100 931 391
315 801 211
119 733 659
344 973 253
197 432 257
357 442 680
170 475 617
518 864 521
323 337 692
783 893 969
760 795 265
516 531 709
280 441 337
536 862 756
516 663 184
202 871 179
202 868 673
223 952 595
221 709 747
662 968 821
736 760 97
763 829 141
635 663 336
149 688 13
191 239 985
474 750 991
345 993 233
386 810 800
205 744 305
943 945 73
188 299 285
432 501 265
472 884 601
348 424 841
172 301 306
294 746 796
290 353 827
533 934 461
678 966 113
446 738 720
103 976 126
132 507 676
526 990 90
776 858 985
742 812 807
418 626 87
639 678 988
238 357 283
661 730 921
271 326 369
273 921 853
865 905 63
493 962 199
758 936 243
451 771 493
121 972 155
257 446 49
163 487 716
150 682 175
101 717 635
175 306 561
394 451 626
206 712 391
693 735 489
482 884 997
252 795 523
274 626 486
544 659 966
133 408 668
157 527 966
151 876 841
925 945 993
394 783 963
683 796 548
274 415 844
417 539 73
190 642 929
557 637 701
262 352 966
171 972 657
594 865 377
422 474 461
209 572 251
819 840 1
157 350 809
197 352 199
620 884 633
256 286 994
352 982 513
551 746 161
662 843 330
151 311 999
362 542 373
639 886 451
191 269 241
501 598 251
101 423 760
707 774 854
665 821 987
601 614 21
338 622 585
779 848 928
440 653 76
276 732 729
240 604 553
110 942 593
120 741 223
308 621 45
761 777 169
437 621 616
131 193 791
137 948 761
524 633 186
356 763 401
872 984 8
239 409 157
814 928 915
337 446 831
402 794 53
452 454 716
144 594 494
227 278 205
542 895 256
431 984 889
246 994 652
200 322 151
393 746 393
391 848 423
635 771 999
364 826 943
767 833 220
120 608 656
154 751 941
272 484 584
718 998 85
184 451 301
256 969 766
258 402 699
578 992 381
209 721 441
310 413 9
507 877 601
270 354 289
662 783 145
270 284 669
261 316 941
226 972 131
518 542 73
413 856 606
382 506 695
241 270 359
355 472 377
668 947 884
255 973 601
776 920 903
681 952 657
287 651 268
212 858 247
329 511 311
193 571 873
585 753 952
339 815 173
177 328 841
153 500 119
430 778 889
396 436 751
210 367 443
550 833 885
428 657 512
270 765 502
182 325 123
413 665 686
386 797 259
249 431 169
202 622 992
873 995 758
512 597 866
377 603 133
272 312 245
565 778 684
720 934 883
772 888 677
199 746 985
200 782 172
382 513 761
175 183 445
231 410 141
106 321 721
573 601 517
212 874 249
446 882 951
198 784 336
457 777 472
184 625 767
174 582 433
559 715 613
856 935 981
132 388 621
378 556 785
254 580 510
202 234 961
145 766 136
940 984 60
124 394 769
504 675 82
378 689 9
195 951 609
399 817 597
472 682 251
163 552 665
743 993 127
750 813 302
346 409 689
490 732 401
375 453 65
196 557 487
105 259 578
374 979 871
274 632 577
783 860 437
425 479 23
729 995 651
343 702 545
179 959 405
494 708 381
540 930 876
436 818 432
119 802 561
479 538 495
752 922 687
204 326 309
375 515 538
476 869 61
241 537 97
724 907 7
721 744 551
226 354 641
162 553 551
570 985 71
386 554 595
456 536 13
612 668 537
258 424 469
517 611 621
263 402 175
419 550 923
530 840 1
591 785 725
407 715 745
878 892 126
417 740 420
196 892 182
149 459 801
815 831 799
837 983 95
372 514 249
100 572 273
281 984 211
342 875 15
108 920 253
754 980 668
571 576 901
157 651 65
375 718 413
204 569 513
340 743 517
107 568 201
290 734 541
625 807 136
551 878 976
288 949 865
541 576 630
930 953 197
123 556 601
201 682 581
162 317 141
445 751 886
331 652 980
363 915 408
446 690 385
102 408 429
418 928 333
190 530 276
285 435 50
119 214 221
763 982 665
223 251 481
132 891 129
312 627 785
682 882 576
113 480 505
214 958 69
392 560 609
151 678 89
267 712 145
778 826 622
100 925 601
124 777 240
641 907 401
583 863 611
202 503 321
577 648 565
187 736 201
751 877 307
423 653 85
343 661 841
408 513 991
352 571 237
365 951 436
514 576 311
827 993 781
197 508 517
140 154 101
262 808 177
166 660 123
362 817 996
246 889 493
305 577 111
107 390 296
220 487 816
821 901 871
152 627 148
634 841 923
175 320 161
367 744 901
634 764 542
197 941 953
302 448 701
348 475 579
457 846 957
230 660 929
412 457 871
151 342 739
431 697 330
224 873 781
846 882 641
663 997 521
405 887 733
152 345 169
790 950 798
109 116 73
366 588 835
411 957 601
283 625 277
385 721 749
251 915 211
417 992 421
399 436 953
107 933 105
498 525 781
404 432 795
196 569 207
144 376 719
206 227 578
250 469 913
172 405 655
508 895 681
311 421 145
820 979 687
728 806 651
153 243 305
492 795 939
755 773 109
350 970 844
300 496 809
648 766 286
211 831 293
457 811 621
514 782 735
164 495 471
313 542 329
388 495 561
184 993 37
526 948 337
278 513 314
342 841 456
372 848 321
676 777 974
420 543 243
434 543 227
346 763 28
521 872 445
440 590 412
551 947 965
359 381 833
119 828 1
146 717 241
239 635 381
542 823 393
465 586 533
233 673 519
379 652 860
126 905 467
249 491 350
222 969 695
146 167 184
574 687 145
151 390 816
354 433 639
142 847 152
251 808 498
295 637 393
793 993 664
411 804 293
455 833 33
257 918 653
293 559 837
593 654 197
463 788 696
610 967 685
231 343 54
559 972 413
280 856 958
447 627 781
276 704 496
338 356 371
279 749 1
805 859 297
279 548 481
574 705 961
143 589 36
410 904 651
657 786 206
608 771 441
259 751 466
202 930 83
419 432 953
431 499 486
853 884 1
333 568 145
646 652 532
615 691 903
111 362 891
312 394 569
433 691 583
362 441 993
253 468 593
280 826 874
333 652 501
130 900 25
387 630 125
159 858 675
909 988 90
360 619 433
732 953 684
507 674 521
151 318 78
303 523 97
578 963 866
611 994 539
212 722 189
678 797 87
172 634 976
588 961 459
175 623 503
886 940 643
153 187 741
226 828 331
158 217 255
323 391 609
552 811 239
295 481 285
662 678 841
680 831 594
704 727 981
570 584 240
797 973 377
481 587 387
118 498 409
440 641 446
564 876 204
312 848 537
170 993 9
229 607 31
134 192 550
292 612 321
928 956 166
227 597 266
698 830 661
491 737 313
272 729 899
423 552 5
188 512 161
351 617 510
560 660 429
159 552 901
116 525 73
189 758 965
466 703 461
519 857 361
199 655 431
135 988 241
100 989 386
106 539 679
494 679 601
420 673 467
507 565 865
240 353 565
151 251 111
315 403 425
821 839 859
286 771 26
446 689 250
181 606 945
237 459 749
188 286 234
304 752 229
151 351 901
673 942 401
371 498 851
377 983 151
313 693 795
208 359 221
248 764 989
147 304 597
614 998 925
588 839 835
400 751 450
202 873 301
338 748 979
147 309 713
491 679 964
260 983 481
100 434 690
351 771 7
390 508 45
327 372 321
207 882 923
455 500 893
306 561 453
497 849 886
130 271 919
296 668 995
205 578 296
438 711 571
194 607 725
146 327 997
812 818 130
189 538 850
552 869 571
354 940 637
564 616 673
542 865 171
509 895 983
276 940 766
570 686 243
100 617 282
338 652 830
473 564 57
439 978 711
653 661 80
116 905 589
195 481 199
179 679 412
153 959 973
653 940 701
753 815 134
227 949 50
391 851 444
209 761 669
841 945 989
289 828 765
341 575 927
134 202 611
186 861 391
839 850 346
835 979 617
143 968 425
116 712 561
201 712 127
884 967 306
378 784 378
528 684 901
335 780 473
683 733 638
752 998 301
160 626 84
259 777 569
345 794 177
770 846 693
642 792 824
780 824 992
406 549 843
230 626 873
545 547 580
429 604 817
455 842 109
186 571 821
504 851 547
282 714 375
190 285 217
248 681 726
804 901 305
323 434 845
135 514 421
275 732 329
253 989 601
179 413 169
405 462 136
141 145 477
130 898 913
371 407 711
162 614 897
627 740 626
457 838 247
204 611 426
288 739 797
128 618 145
472 695 713
190 638 417
564 984 501
364 568 183
837 960 897
842 969 730
644 649 701
882 887 829
194 664 893
313 430 241
790 913 811
341 949 901
768 868 41
582 681 329
310 853 99
530 897 133
409 723 901
627 719 481
208 924 845
557 728 339
277 915 641
329 951 121
509 661 35
413 460 110
356 903 586
793 798 81
631 971 13
569 780 809
278 351 894
126 372 86
575 961 507
319 905 7
248 820 697
528 736 83
536 981 990
247 517 156
428 888 45
271 617 806
521 941 727
664 911 301
221 364 313
116 425 269
176 686 295
843 997 126
407 753 717
570 810 187
181 636 361
457 535 987
224 742 583
282 432 145
364 809 307
338 765 886
751 916 538
244 868 890
604 701 301
533 605 442
523 669 505
577 661 873
272 439 553
332 904 835
112 555 781
276 376 249
372 736 21
751 885 163
452 895 951
703 842 173
365 767 278
120 508 245
699 702 208
555 970 559
120 753 191
274 401 495
460 807 40
709 992 111
731 880 673
142 637 961
362 879 642
185 362 681
122 575 121
479 732 899
352 951 917
262 517 633
347 390 828
152 921 908
209 613 890
430 464 534
198 666 297
751 813 489
848 859 663
582 873 321
683 813 1
305 428 665
263 863 87
344 662 927
487 525 457
202 372 847
297 316 856
344 966 27
576 926 621
374 899 280
431 724 324
412 833 46
257 745 210
135 961 886
448 895 697
570 969 421
409 511 939
513 616 893
208 831 525
140 610 529
386 953 600
750 801 311
313 432 570
887 934 532
115 591 551
530 918 278
490 912 141
531 598 384
373 695 889
735 831 563
128 543 409
544 729 49
377 447 353
508 548 265
152 539 5
289 980 196
860 877 887
459 473 758
301 968 718
266 807 913
106 720 759
135 725 707
625 876 879
742 926 860
431 905 464
255 852 131
377 623 581
337 556 105
673 880 814
590 614 156
555 643 837
492 717 536
147 457 785
124 316 281
313 1000 99
355 389 809
856 913 633
287 403 739
493 645 208
763 877 776
459 592 119
561 623 986
398 690 495
314 429 896
286 353 29
923 950 466
827 941 276
129 551 866
712 772 65
134 220 257
283 703 1
219 558 266
365 479 799
664 728 91
278 683 705
356 811 617
556 984 161
107 450 301
276 668 723
398 562 166
509 908 843
364 758 541
242 646 410
436 934 484
178 662 676
423 634 59
290 681 241
457 837 533
177 891 426
654 989 166
279 847 651
275 643 1
387 555 641
425 430 291
141 491 473
253 881 854
459 931 955
182 585 569
419 661 590
388 873 398
415 876 791
313 748 93
188 257 657
423 472 359
328 444 361
849 990 161
426 862 521
514 733 677
356 471 565
662 966 833
793 819 887
191 538 513
418 912 861
154 805 13
121 893 283
398 718 60
176 619 821
627 846 757
136 865 810
157 607 751
142 206 658
268 907 379
155 423 455
358 766 375
398 608 344
308 799 177
327 975 929
354 757 713
654 815 726
244 787 111
393 577 544
239 680 21
311 691 921
166 383 511
299 897 463
286 718 985
551 849 147
341 417 171
313 593 466
188 232 757
114 790 763
336 810 795
100 227 585
238 806 901
171 640 279
904 916 196
400 609 773
326 858 761
291 825 477
246 414 281
133 791 121
417 676 875
769 870 401
115 693 992
882 946 81
759 821 721
151 790 101
305 455 794
100 916 420
115 780 921
360 425 9
185 467 919
100 596 953
247 985 913
160 854 313
433 995 517
105 221 329
226 273 377
593 812 483
234 548 239
801 804 507
285 410 976
185 848 985
182 819 134
283 720 233
134 205 731
305 687 851
633 828 72
405 939 431
213 598 761
109 599 927
224 423 643
468 851 57
442 749 575
310 321 817
286 618 979
341 476 777
409 752 383
553 614 290
389 957 617
337 799 649
180 362 692
261 510 719
330 780 379
410 881 166
265 834 962
146 861 191
276 340 513
304 481 298
706 826 873
263 925 537
218 851 173
182 950 743
595 921 826
401 954 399
593 756 399
663 898 709
269 313 817
649 906 133
600 887 223
138 389 385
143 280 278
985 999 964
388 963 655
413 610 750
856 950 341
356 563 211
304 854 39
683 850 963
186 874 518
147 641 545
495 914 845
978 983 731
591 757 520
389 710 681
822 939 399
153 445 123
199 257 897
410 946 925
187 685 857
312 928 613
311 846 481
277 535 741
200 525 343
491 926 553
542 676 1
588 724 767
291 339 489
214 596 673
346 458 239
574 757 293
252 999 561
205 980 985
148 670 108
349 468 743
327 811 290
373 594 937
134 166 965
546 660 376
203 313 673
438 751 501
642 865 151
191 350 189
153 653 751
814 898 767
598 719 741
289 553 617
332 371 625
817 849 729
573 732 980
435 676 379
344 694 976
186 543 339
196 931 849
494 684 825
717 804 913
101 690 831
558 829 560
746 899 321
248 447 211
366 759 335
104 453 864
675 771 751
577 794 447
327 792 246
384 636 472
584 933 297
237 606 779
249 326 377
689 991 526
426 626 381
704 955 291
790 912 823
348 536 224
568 954 188
365 697 13
113 623 155
213 278 85
228 903 982
168 277 990
349 759 187
423 721 776
352 574 395
736 981 526
640 730 857
200 900 313
508 553 889
469 825 760
134 784 601
236 483 477
390 900 201
365 667 787
784 956 389
607 612 431
747 843 141
109 982 901
819 854 153
745 951 794
741 883 68
489 821 176
373 808 157
211 872 57
712 756 701
267 688 221
210 657 301
544 555 27
420 936 468
543 924 725
100 894 556
637 870 480
227 685 447
408 457 510
603 833 436
395 763 436
239 646 751
308 792 920
395 731 31
571 678 751
115 999 443
485 654 577
453 542 194
329 506 455
122 834 9
468 698 315
312 799 639
239 650 581
199 647 117
261 334 594
543 663 717
466 611 577
734 858 426
240 447 505
187 250 116
321 798 905
404 451 941
424 891 289
900 992 611
584 878 929
300 346 129
699 912 541
108 893 341
279 601 238
301 683 145
604 965 841
218 409 441
181 263 939
120 276 481
787 941 28
363 443 948
455 667 197
158 746 793
428 579 387
865 898 466
308 979 178
224 715 57
501 738 936
457 592 857
575 896 524
561 727 1
119 153 865
457 607 44
526 908 257
746 842 861
312 723 824
156 926 745
746 755 201
801 971 70
192 543 285
831 896 395
258 726 390
372 766 773
484 629 275
425 770 946
358 882 655
230 251 401
831 953 92
797 872 51
188 657 45
378 754 50
418 585 541
407 685 625
630 738 233
380 814 561
138 160 861
137 687 887
480 780 909
723 727 932
194 962 186
172 384 358
535 754 889
630 634 137
167 745 631
527 803 203
582 757 387
506 670 465
322 447 541
298 406 161
345 917 207
178 999 801
329 767 505
685 795 14
506 928 627
403 746 745
678 692 137
278 606 346
519 702 239
548 772 456
452 773 832
800 866 261
387 651 673
373 719 111
176 986 109
378 805 614
652 817 741
465 488 524
710 961 661
543 693 174
284 534 853
331 697 257
278 671 573
884 933 244
128 496 483
287 405 461
456 694 533
182 575 473
462 872 121
200 590 635
558 653 49
818 945 469
511 794 152
266 609 885
213 309 257
281 654 333
489 761 109
627 992 904
642 931 474
535 894 975
981 986 387
466 912 289
507 978 665
674 753 759
558 828 696
540 961 741
184 685 892
163 286 609
200 916 647
202 358 603
324 457 851
518 768 533
237 525 666
594 664 713
548 645 329
247 537 469
520 640 935
711 733 856
887 941 297
168 529 853
734 883 5
883 965 401
247 867 285
691 897 53
251 508 407
230 424 281
634 882 591
329 635 741
105 339 401
339 355 455
215 402 375
297 857 178
461 661 185
113 870 459
130 489 379
315 627 973
133 175 751
156 619 1
432 621 466
610 716 251
217 935 49
678 825 345
310 922 241
304 439 129
456 792 825
244 779 300
442 598 99
325 605 73
302 618 634
104 912 718
124 168 790
230 605 161
236 621 565
226 963 561
845 948 287
251 284 119
149 647 435
518 881 711
738 965 681
192 876 349
287 867 693
407 412 23
150 754 611
638 970 321
813 859 881
193 879 605
326 552 529
237 380 313
240 955 197
543 615 401
682 797 737
199 251 801
295 316 339
199 876 444
779 951 263
513 806 304
578 901 578
114 972 836
862 874 601
122 379 143
592 910 591
349 848 961
250 798 625
547 581 433
304 509 86
130 444 631
320 876 502
317 682 13
165 661 969
216 241 933
404 865 965
162 263 718
524 557 185
232 403 886
452 704 631
132 250 910
234 414 449
271 524 926
762 987 891
100 582 889
233 353 83
484 984 937
640 848 747
420 848 776
173 193 593
202 997 9
650 906 193
205 978 296
818 952 583
757 864 485
556 893 441
456 647 181
724 959 213
499 954 393
189 910 737
471 485 927
232 734 713
229 682 732
428 814 761
576 786 907
379 913 996
106 671 290
165 939 719
630 828 486
596 975 381
442 735 195
171 516 992
661 711 936
753 979 169
219 914 841
279 580 287
475 567 961
636 907 344
808 996 410
109 311 601
492 537 161
439 934 489
709 724 876
236 344 21
623 916 751
652 813 36
140 167 596
105 859 41
185 842 346
201 719 437
229 389 100
299 430 659
235 677 90
197 218 392
196 774 481
775 949 745
668 960 290
218 396 814
577 620 635
347 414 744
162 758 48
102 840 165
244 996 661
368 803 683
107 245 273
609 839 547
531 705 201
326 519 841
268 995 221
168 271 969
166 244 624
503 844 863
142 590 926
748 904 738
820 909 763
172 736 859
334 797 860
186 610 677
163 623 829
370 766 801
529 967 251
569 712 574
728 765 873
110 751 838
456 857 185
248 811 10
804 896 675
287 705 327
321 725 545
236 988 395
557 559 145
200 593 821
151 537 981
522 630 93
523 990 100
613 843 401
138 468 725
530 662 75
417 670 860
198 420 395
132 930 425
606 803 567
158 201 197
534 641 976
355 840 925
386 813 97
439 941 591
432 955 275
498 801 201
546 636 261
379 440 377
198 562 213
856 912 695
419 535 388
677 780 381
634 694 199
342 453 382
395 972 535
147 193 654
675 918 266
252 397 580
540 979 101
187 971 411
160 449 200
557 748 875
339 661 857
253 851 161
460 895 261
688 794 601
434 901 782
418 627 1
424 977 147
236 596 881
507 522 681
468 594 700
765 915 890
252 654 805
576 853 673
861 933 56
384 726 97
363 442 437
935 940 175
437 791 939
591 995 570
587 664 441
514 849 788
394 584 249
342 980 485
522 975 513
222 648 586
372 610 261
618 755 741
161 965 831
630 831 583
353 479 401
141 988 298
309 844 817
910 930 797
508 662 161
381 817 405
165 756 539
372 995 561
644 778 945
683 837 751
378 779 983
668 969 217
646 786 851
437 633 351
763 808 179
335 568 302
530 535 881
831 967 659
696 913 799
777 814 249
316 841 493
173 475 991
253 564 605
408 986 256
518 785 242
341 943 25
150 555 97
440 535 833
115 346 575
120 386 512
455 834 361
191 646 109
676 736 937
132 738 63
165 665 271
258 373 178
593 952 561
559 657 929
848 982 593
141 551 251
274 492 576
247 628 673
379 811 779
475 672 451
441 789 823
309 847 881
453 815 57
543 566 927
102 750 601
617 661 15
131 618 687
163 520 164
234 443 257
479 651 732
826 904 553
130 368 395
144 692 801
438 442 349
473 595 39
687 825 141
466 702 720
113 845 660
275 652 569
345 698 561
430 554 259
398 641 765
220 514 489
290 579 165
247 798 629
784 800 665
249 862 617
914 965 271
353 696 109
627 962 498
326 916 206
233 839 151
346 963 751
263 872 462
441 687 295
884 914 708
281 391 41
194 498 185
575 785 359
665 739 391
772 875 637
269 993 93
406 843 432
379 561 239
279 607 957
210 872 616
839 842 1
780 868 81
364 823 393
503 975 769
117 375 81
144 167 242
394 726 151
352 430 669
230 629 185
535 561 929
206 918 137
160 783 953
476 628 973
514 934 161
509 738 495
587 930 745
528 990 247
718 916 266
796 831 833
147 946 881
189 630 873
257 731 721
237 409 816
488 654 679
167 626 695
862 930 387
372 459 647
323 784 68
406 663 41
361 798 136
893 902 669
173 451 490
328 631 221
357 872 456
593 684 48
270 997 967
519 599 841
341 820 346
661 850 705
195 418 210
321 987 684
121 191 169
403 644 581
309 743 105
787 913 489
295 683 844
210 545 99
119 389 25
403 670 165
308 484 127
648 782 3
723 773 729
177 415 361
364 448 601
345 555 673
624 757 823
124 487 79
197 636 40
146 524 9
318 989 426
234 698 107
532 598 618
359 767 141
810 989 869
618 723 845
304 435 441
456 868 361
261 853 856
691 860 449
284 790 281
749 781 721
268 697 400
303 830 334
131 207 185
372 887 639
208 804 127
259 623 127
593 759 574
590 653 529
890 978 926
558 915 231
143 647 180
312 702 435
161 346 371
418 643 212
708 723 397
151 578 401
393 1000 787
106 412 323
265 986 830
424 627 33
531 856 491
133 168 622
140 623 961
292 451 741
327 793 643
321 323 521
437 555 126
515 577 633
802 841 449
576 698 217
191 892 521
203 911 213
722 942 889
151 268 625
678 906 483
615 921 308
573 743 561
351 472 801
100 945 664
273 437 438
937 982 581
710 832 751
581 735 689
347 819 153
188 563 467
316 363 496
586 650 737
660 971 897
101 500 671
143 455 401
615 786 681
333 382 294
737 795 925
102 277 989
297 494 921
385 971 960
281 929 796
734 923 634
802 899 350
754 969 267
428 802 408
151 887 301
971 982 360
406 499 223
600 984 209
530 826 585
770 910 685
433 985 928
344 994 496
159 454 602
160 431 717
618 773 879
508 867 765
736 927 1
215 791 469
344 891 409
738 757 429
801 836 625
472 525 236
363 792 971
159 324 701
523 818 1
314 328 31
571 616 626
444 888 307
166 460 551
218 830 971
607 722 249
447 954 473
235 305 711
283 526 393
268 786 946
323 885 141
516 769 845
721 849 876
290 860 241
528 701 329
347 590 462
450 953 915
622 910 950
204 892 145
372 938 301
301 482 706
841 963 705
866 869 585
661 982 826
318 425 551
412 492 385
118 157 196
262 547 236
663 684 11
259 845 151
583 878 246
473 825 697
219 581 894
714 841 11
214 618 42
680 890 565
714 868 378
913 915 971
252 551 406
584 732 387
133 460 96
306 519 111
193 301 225
609 640 407
328 988 217
536 767 865
348 923 665
182 223 493
257 802 197
490 765 277
124 542 760
791 893 272
151 961 890
914 947 322
253 574 711
249 564 959
201 248 201
593 815 269
163 301 133
688 712 669
125 181 466
810 910 405
219 969 791
252 759 869
262 718 509
435 693 493
535 854 111
564 780 561
333 986 920
540 585 865
783 953 217
317 773 593
144 455 86
746 796 796
568 571 28
546 829 621
150 766 829
620 772 362
210 999 785
627 712 752
576 647 442
714 927 46
151 915 36
301 622 425
241 257 817
130 889 421
406 533 243
195 945 61
576 624 121
465 624 866
365 531 495
287 948 905
565 857 145
263 609 65
257 711 944
916 929 121
334 401 522
365 510 711
429 862 83
465 485 505
800 819 479
213 724 677
124 300 399
926 971 279
100 283 851
138 516 281
202 585 876
112 626 779
699 717 970
151 287 11
714 880 881
702 775 387
582 621 126
727 890 781
113 1000 233
153 550 225
307 598 387
693 895 967
151 707 377
262 914 677
361 901 423
164 797 466
267 659 25
163 392 972
581 650 561
128 887 631
746 776 861
226 259 121
357 752 445
692 826 45
320 617 913
500 898 217
854 939 277
287 694 723
772 836 849
333 788 738
685 764 551
243 807 117
625 647 960
650 980 249
634 872 839
352 495 577
236 909 727
492 940 735
365 481 47
463 852 507
297 418 871
517 923 29
134 492 691
111 239 273
662 895 385
544 645 401
693 841 301
439 973 685
383 762 693
277 786 73
424 599 480
450 921 487
652 841 821
198 901 448
542 755 521
126 241 103
115 989 906
698 863 473
591 818 109
482 801 501
854 964 723
318 439 675
567 805 535
187 331 597
405 668 178
417 604 721
153 263 47
250 633 270
806 888 493
150 694 370
425 591 384
620 981 773
114 167 209
221 470 827
493 573 641
322 574 440
218 475 855
162 412 693
178 304 209
562 943 745
306 377 333
613 835 801
185 232 30
238 478 241
858 860 433
874 941 213
629 712 711
236 589 513
121 938 241
263 763 121
284 908 553
275 738 705
842 965 79
616 993 19
382 888 501
540 973 417
532 892 345
233 583 701
222 329 626
649 828 791
659 669 841
133 666 233
106 913 463
393 665 734
165 924 857
164 701 681
377 496 836
743 893 8
300 612 525
544 609 551
347 612 86
117 654 329
790 810 239
124 246 706
147 707 429
618 985 925
670 742 337
273 747 966
153 876 995
172 946 141
673 865 581
235 506 240
126 284 913
679 859 641
580 878 282
193 744 456
443 751 325
106 565 691
306 680 701
168 291 537
234 888 207
585 789 383
216 565 360
359 566 85
458 544 76
341 789 470
371 769 689
453 895 851
301 516 521
504 843 621
442 897 365
534 855 919
217 814 895
950 977 9
770 951 171
503 683 530
406 480 249
566 641 351
439 503 701
579 901 595
719 726 269
629 914 517
191 480 95
197 209 246
334 940 111
213 698 41
420 528 901
280 520 81
685 940 906
144 895 364
100 389 51
393 515 541
100 297 319
352 972 359
114 713 343
414 896 341
161 674 653
457 778 183
236 620 5
463 574 871
468 685 946
268 615 107
424 671 701
509 957 656
223 485 793
620 745 561
368 377 120
306 405 721
219 553 31
473 546 171
106 990 233
424 816 137
107 720 467
265 838 585
821 986 135
236 514 126
542 822 911
502 719 381
743 880 537
321 440 897
323 539 485
154 989 201
390 780 721
309 465 952
521 588 185
480 514 417
314 600 411
206 763 168
496 709 821
408 931 272
226 294 216
194 809 310
520 954 651
518 707 41
109 365 933
913 967 230
343 403 9
295 382 629
637 656 160
435 683 449
383 757 177
290 975 97
196 923 481
166 709 406
692 741 224
713 812 565
170 328 569
214 367 677
120 152 113
751 992 637
197 391 944
587 661 688
341 893 846
113 501 351
170 871 621
228 328 417
598 894 755
157 202 495
558 962 871
113 287 713
122 712 665
213 372 658
406 857 521
377 387 917
292 974 939
305 950 325
187 859 899
117 663 469
278 913 307
666 909 9
832 996 425
340 493 28
636 819 909
456 776 220
559 825 696
292 525 865
197 985 401
480 971 925
439 528 301
435 729 261
551 626 1
462 839 325
