67 163 3
1 2 467
2 3 486
3 4 505
1 5 569
4 6 296
6 7 467
6 8 51
5 9 771
5 10 815
3 11 681
1 12 121
6 13 565
11 14 609
1 15 269
1 16 334
15 17 629
16 18 593
4 19 716
4 20 735
3 21 219
7 22 803
12 23 681
11 24 361
13 25 848
1 26 822
11 27 101
11 28 991
9 29 874
21 30 1
19 31 851
19 32 702
9 33 911
23 34 672
19 35 247
5 36 401
1 37 51
36 38 564
34 39 605
21 40 345
21 41 457
5 42 85
18 43 837
1 44 137
29 45 890
37 46 21
17 47 681
16 48 452
1 49 690
44 50 17
32 51 603
6 52 343
13 53 641
9 54 313
37 55 221
47 56 361
17 57 281
16 58 521
17 59 756
52 60 465
45 61 725
46 62 913
45 63 846
50 64 206
48 65 837
53 66 673
7 67 536
22 35 309
40 44 995
62 63 849
28 58 907
53 67 226
40 45 547
14 57 233
15 35 759
16 65 985
30 33 473
28 56 951
18 66 561
54 56 200
31 56 226
8 58 473
32 46 627
22 51 531
17 62 513
41 48 4
28 59 36
24 64 573
8 26 127
13 30 607
21 59 285
60 60 181
12 49 606
25 49 855
14 52 73
32 38 61
9 10 87
16 34 529
34 42 929
12 50 17
20 54 416
16 57 804
36 44 145
7 8 305
40 57 37
38 55 697
34 52 141
42 60 22
9 30 622
30 59 177
10 36 535
32 34 51
6 30 786
19 41 866
50 62 997
33 62 601
6 12 175
24 41 105
10 30 1
13 26 496
39 45 985
15 32 521
37 65 336
55 63 908
30 60 548
15 54 273
65 66 545
8 33 35
12 52 517
24 25 256
59 60 83
46 66 203
44 54 302
30 66 925
7 52 21
36 46 841
49 54 925
42 61 156
35 48 935
8 60 779
31 60 664
19 29 573
18 48 71
51 65 146
18 41 826
14 33 252
54 57 387
8 40 401
42 62 467
12 60 548
13 58 609
24 65 80
24 24 182
22 32 101
14 66 737
26 56 649
40 54 577
22 26 126
54 59 941
25 63 854
43 56 384
15 40 258
11 46 377
6 59 333
