100 319 1
1 2 659
1 3 733
1 4 734
1 5 931
3 6 88
1 7 517
6 8 926
1 9 387
3 10 508
9 11 459
1 12 501
9 13 530
5 14 289
1 15 166
13 16 528
14 17 281
1 18 676
13 19 119
18 20 970
9 21 237
2 22 222
7 23 681
21 24 973
5 25 797
2 26 389
1 27 33
18 28 187
25 29 458
20 30 89
24 31 819
7 32 185
9 33 166
2 34 39
25 35 221
15 36 905
31 37 155
15 38 852
25 39 173
22 40 99
28 41 876
5 42 631
21 43 205
5 44 121
27 45 260
6 46 81
31 47 503
37 48 29
33 49 827
38 50 549
27 51 921
12 52 511
5 53 89
8 54 773
35 55 761
8 56 319
1 57 25
15 58 77
41 59 538
56 60 241
1 61 995
47 62 905
29 63 189
59 64 197
33 65 377
53 66 375
1 67 941
30 68 713
41 69 435
37 70 863
35 71 651
40 72 57
48 73 33
51 74 185
17 75 497
36 76 35
37 77 921
45 78 117
53 79 789
13 80 541
75 81 501
24 82 321
1 83 467
76 84 576
14 85 354
5 86 865
65 87 145
3 88 185
1 89 441
55 90 413
46 91 478
50 92 691
49 93 313
33 94 95
57 95 696
1 96 201
49 97 434
2 98 41
49 99 105
91 100 81
52 57 773
3 89 728
24 86 478
1 36 536
86 96 21
25 30 470
5 63 575
21 64 695
46 47 727
29 32 127
69 91 429
61 82 245
49 85 210
35 37 763
53 73 381
5 75 577
19 39 702
9 42 831
37 41 749
15 33 957
13 89 341
61 80 101
1 75 697
1 11 301
55 77 46
46 55 209
9 45 186
57 71 441
36 52 292
13 15 393
9 79 817
21 29 95
51 79 297
17 21 41
33 40 401
56 77 955
26 41 156
30 80 69
2 16 451
21 88 276
83 85 518
6 71 716
33 61 111
16 41 657
29 57 152
78 81 737
1 68 193
45 95 733
25 81 451
1 59 741
7 31 351
3 11 908
42 51 961
23 57 471
1 56 356
53 61 996
33 79 247
27 75 855
51 90 804
5 6 465
5 69 726
31 45 503
69 73 907
9 41 609
30 54 77
44 56 977
26 81 541
1 21 471
19 70 167
61 71 751
41 81 365
37 81 781
1 77 986
57 77 405
16 45 342
2 75 411
9 16 671
97 97 599
9 65 363
51 75 239
54 77 15
53 78 37
3 73 619
51 91 738
39 47 743
63 65 518
25 91 129
19 38 545
29 81 161
53 69 696
16 33 776
64 70 11
15 17 680
27 84 920
6 75 585
22 45 1
65 91 742
5 26 761
23 81 494
49 69 1
7 26 695
21 33 435
29 77 372
25 80 335
21 49 444
53 81 511
7 85 31
65 81 701
4 25 516
87 91 233
61 97 901
65 85 246
33 67 776
11 93 163
77 92 901
7 65 559
95 100 373
51 57 625
51 93 763
2 43 573
20 57 321
7 21 41
60 89 77
52 80 417
1 63 291
51 59 715
38 53 937
33 85 759
32 57 1
5 48 401
1 93 411
15 57 877
65 100 461
31 76 465
1 24 118
15 87 149
17 91 617
31 59 895
61 65 741
13 51 212
13 77 201
29 61 795
31 87 25
73 85 489
17 31 141
15 81 635
16 61 347
70 77 223
10 57 857
1 65 996
36 78 121
16 81 987
37 63 889
69 81 135
7 16 705
2 61 277
81 89 24
12 26 717
61 84 241
11 85 401
40 66 375
9 63 176
9 29 9
9 93 550
25 38 265
2 41 233
17 49 744
53 97 536
9 94 689
45 85 22
48 51 345
6 98 246
38 55 321
29 88 251
49 81 144
1 99 801
19 81 666
51 70 530
45 61 411
46 70 151
3 74 625
5 41 175
72 100 789
56 69 431
37 79 509
28 59 361
73 87 593
57 83 708
43 73 434
22 89 876
27 83 93
89 89 206
35 38 344
1 50 995
33 81 231
14 48 223
45 69 611
84 94 945
1 91 73
29 97 477
45 91 225
51 61 160
68 77 689
45 83 201
38 67 257
35 41 718
21 62 986
58 65 849
6 29 921
1 37 945
9 77 285
31 41 581
25 48 286
37 75 951
3 61 591
11 17 21
18 21 330
9 67 365
21 40 731
29 46 251
